# Frequency Range [300, 390] THz
# ModeName	LP_0_1_(ID_0)	LP_1_1_a_(ID_1)	LP_1_1_b_(ID_2)	LP_2_1_a_(ID_3)	LP_2_1_b_(ID_4)	LP_0_2_(ID_5)	LP_3_1_a_(ID_6)	LP_3_1_b_(ID_7)	LP_1_2_a_(ID_8)	LP_1_2_b_(ID_9)	LP_4_1_a_(ID_10)	LP_4_1_b_(ID_11)	LP_2_2_a_(ID_12)	LP_2_2_b_(ID_13)	LP_0_3_(ID_14)	LP_5_1_a_(ID_15)	LP_5_1_b_(ID_16)	LP_3_2_a_(ID_17)	LP_3_2_b_(ID_18)	LP_1_3_a_(ID_19)	LP_1_3_b_(ID_20)	LP_6_1_a_(ID_21)	LP_6_1_b_(ID_22)	
# Frequency	Overlap
# THz	(m^-2)
300	0.992146	0.977834	0.977834	0.95622	0.95622	0.94477	0.923269	0.923269	0.876693	0.876693	0.869716	0.869716	0.627723	0.627723	
310	0.992924	0.980043	0.980043	0.960833	0.960833	0.951035	0.932004	0.932004	0.893599	0.893599	0.886797	0.886797	0.727017	0.727017	0.572072	
320	0.99361	0.981978	0.981978	0.964836	0.964836	0.956413	0.939461	0.939461	0.907343	0.907343	0.900776	0.900776	0.786021	0.786021	0.693251	
330	0.994217	0.983679	0.983679	0.968328	0.968328	0.961058	0.945873	0.945873	0.918696	0.918696	0.912416	0.912416	0.825177	0.825177	0.76534	0.856829	0.856829	
340	0.994755	0.98518	0.98518	0.971386	0.971386	0.965091	0.951422	0.951422	0.928198	0.928198	0.922235	0.922235	0.853383	0.853383	0.811812	0.876166	0.876166	
350	0.995233	0.98651	0.98651	0.974076	0.974076	0.968611	0.95625	0.95625	0.936235	0.936235	0.930606	0.930606	0.874823	0.874823	0.844366	0.891613	0.891613	
360	0.99566	0.98769	0.98769	0.97645	0.97645	0.971698	0.960472	0.960472	0.943095	0.943095	0.937802	0.937802	0.891721	0.891721	0.868563	0.904312	0.904312	0.735219	0.735219	
370	0.996042	0.988742	0.988742	0.978554	0.978554	0.974416	0.964182	0.964182	0.948997	0.948997	0.944034	0.944034	0.905386	0.905386	0.887305	0.914949	0.914949	0.796305	0.796305	0.534689	0.534689	
380	0.996385	0.989681	0.989681	0.980424	0.980424	0.976818	0.967454	0.967454	0.954108	0.954108	0.949465	0.949465	0.916652	0.916652	0.902256	0.923983	0.923983	0.834024	0.834024	0.687849	0.687849	0.884882	0.884882	
390	0.996693	0.990523	0.990523	0.982091	0.982091	0.978949	0.970353	0.970353	0.958562	0.958562	0.954223	0.954223	0.926081	0.926081	0.91445	0.931736	0.931736	0.860485	0.860485	0.76804	0.76804	0.898497	0.898497	

