   left(nm)	   right(nm)      LP01_power(dBm)  left(nm)	   right(nm)      LP11a_power(dBm) left(nm)	   right(nm)      LP02_power(dBm)
   1.5685675e+03   1.5681572e+03  -6.6072110e+01   1.5685675e+03   1.5681572e+03  -6.6729472e+01   1.5685675e+03   1.5681572e+03  -7.0625093e+01
   1.5681572e+03   1.5677472e+03  -6.5876610e+01   1.5681572e+03   1.5677472e+03  -6.6540263e+01   1.5681572e+03   1.5677472e+03  -7.0456040e+01
   1.5677472e+03   1.5673374e+03  -6.5695935e+01   1.5677472e+03   1.5673374e+03  -6.6364143e+01   1.5677472e+03   1.5673374e+03  -7.0292194e+01
   1.5673374e+03   1.5669278e+03  -6.5519406e+01   1.5673374e+03   1.5669278e+03  -6.6192260e+01   1.5673374e+03   1.5669278e+03  -7.0132876e+01
   1.5669278e+03   1.5665184e+03  -6.5351590e+01   1.5669278e+03   1.5665184e+03  -6.6029145e+01   1.5669278e+03   1.5665184e+03  -6.9982580e+01
   1.5665184e+03   1.5661092e+03  -6.5189366e+01   1.5665184e+03   1.5661092e+03  -6.5871687e+01   1.5665184e+03   1.5661092e+03  -6.9838194e+01
   1.5661092e+03   1.5657003e+03  -6.5014422e+01   1.5661092e+03   1.5657003e+03  -6.5703126e+01   1.5661092e+03   1.5657003e+03  -6.9689566e+01
   1.5657003e+03   1.5652915e+03  -6.4790454e+01   1.5657003e+03   1.5652915e+03  -6.5490717e+01   1.5657003e+03   1.5652915e+03  -6.9519245e+01
   1.5652915e+03   1.5648830e+03  -6.4568924e+01   1.5652915e+03   1.5648830e+03  -6.5280918e+01   1.5652915e+03   1.5648830e+03  -6.9352073e+01
   1.5648830e+03   1.5644747e+03  -6.4338508e+01   1.5648830e+03   1.5644747e+03  -6.5064082e+01   1.5648830e+03   1.5644747e+03  -6.9185823e+01
   1.5644747e+03   1.5640666e+03  -6.4106716e+01   1.5644747e+03   1.5640666e+03  -6.4846512e+01   1.5644747e+03   1.5640666e+03  -6.9021458e+01
   1.5640666e+03   1.5636587e+03  -6.3862413e+01   1.5640666e+03   1.5636587e+03  -6.4618136e+01   1.5640666e+03   1.5636587e+03  -6.8853421e+01
   1.5636587e+03   1.5632510e+03  -6.3591604e+01   1.5636587e+03   1.5632510e+03  -6.4366474e+01   1.5636587e+03   1.5632510e+03  -6.8675728e+01
   1.5632510e+03   1.5628435e+03  -6.3321523e+01   1.5632510e+03   1.5628435e+03  -6.4115796e+01   1.5632510e+03   1.5628435e+03  -6.8499876e+01
   1.5628435e+03   1.5624363e+03  -6.3075897e+01   1.5628435e+03   1.5624363e+03  -6.3887678e+01   1.5628435e+03   1.5624363e+03  -6.8338470e+01
   1.5624363e+03   1.5620292e+03  -6.2834015e+01   1.5624363e+03   1.5620292e+03  -6.3663222e+01   1.5624363e+03   1.5620292e+03  -6.8180223e+01
   1.5620292e+03   1.5616224e+03  -6.2583544e+01   1.5620292e+03   1.5616224e+03  -6.3431368e+01   1.5620292e+03   1.5616224e+03  -6.8019520e+01
   1.5616224e+03   1.5612158e+03  -6.2321178e+01   1.5616224e+03   1.5612158e+03  -6.3189167e+01   1.5616224e+03   1.5612158e+03  -6.7854926e+01
   1.5612158e+03   1.5608094e+03  -6.2059006e+01   1.5612158e+03   1.5608094e+03  -6.2947372e+01   1.5612158e+03   1.5608094e+03  -6.7691496e+01
   1.5608094e+03   1.5604032e+03  -6.1896874e+01   1.5608094e+03   1.5604032e+03  -6.2796167e+01   1.5608094e+03   1.5604032e+03  -6.7578949e+01
   1.5604032e+03   1.5599972e+03  -6.1738426e+01   1.5604032e+03   1.5599972e+03  -6.2648416e+01   1.5604032e+03   1.5599972e+03  -6.7468835e+01
   1.5599972e+03   1.5595914e+03  -6.1632721e+01   1.5599972e+03   1.5595914e+03  -6.2548400e+01   1.5599972e+03   1.5595914e+03  -6.7385455e+01
   1.5595914e+03   1.5591858e+03  -6.1578329e+01   1.5595914e+03   1.5591858e+03  -6.2494789e+01   1.5595914e+03   1.5591858e+03  -6.7327926e+01
   1.5591858e+03   1.5587805e+03  -6.1524416e+01   1.5591858e+03   1.5587805e+03  -6.2441675e+01   1.5591858e+03   1.5587805e+03  -6.7270969e+01
   1.5587805e+03   1.5583754e+03  -6.1470970e+01   1.5587805e+03   1.5583754e+03  -6.2389046e+01   1.5587805e+03   1.5583754e+03  -6.7214572e+01
   1.5583754e+03   1.5579704e+03  -6.1417977e+01   1.5583754e+03   1.5579704e+03  -6.2336888e+01   1.5583754e+03   1.5579704e+03  -6.7158722e+01
   1.5579704e+03   1.5575657e+03  -6.1393350e+01   1.5579704e+03   1.5575657e+03  -6.2310280e+01   1.5579704e+03   1.5575657e+03  -6.7116601e+01
   1.5575657e+03   1.5571612e+03  -6.1389904e+01   1.5575657e+03   1.5571612e+03  -6.2302759e+01   1.5575657e+03   1.5571612e+03  -6.7084795e+01
   1.5571612e+03   1.5567569e+03  -6.1391735e+01   1.5571612e+03   1.5567569e+03  -6.2300032e+01   1.5571612e+03   1.5567569e+03  -6.7055783e+01
   1.5567569e+03   1.5563528e+03  -6.1437465e+01   1.5567569e+03   1.5563528e+03  -6.2336793e+01   1.5567569e+03   1.5563528e+03  -6.7047820e+01
   1.5563528e+03   1.5559489e+03  -6.1483372e+01   1.5563528e+03   1.5559489e+03  -6.2373759e+01   1.5563528e+03   1.5559489e+03  -6.7040244e+01
   1.5559489e+03   1.5555452e+03  -6.1559641e+01   1.5559489e+03   1.5555452e+03  -6.2438051e+01   1.5559489e+03   1.5555452e+03  -6.7047348e+01
   1.5555452e+03   1.5551418e+03  -6.1653858e+01   1.5555452e+03   1.5551418e+03  -6.2518514e+01   1.5555452e+03   1.5551418e+03  -6.7063284e+01
   1.5551418e+03   1.5547385e+03  -6.1744057e+01   1.5551418e+03   1.5547385e+03  -6.2595391e+01   1.5551418e+03   1.5547385e+03  -6.7077505e+01
   1.5547385e+03   1.5543355e+03  -6.1811835e+01   1.5547385e+03   1.5543355e+03  -6.2652032e+01   1.5547385e+03   1.5543355e+03  -6.7080574e+01
   1.5543355e+03   1.5539327e+03  -6.1879673e+01   1.5543355e+03   1.5539327e+03  -6.2708777e+01   1.5543355e+03   1.5539327e+03  -6.7084000e+01
   1.5539327e+03   1.5535300e+03  -6.1993409e+01   1.5539327e+03   1.5535300e+03  -6.2806708e+01   1.5539327e+03   1.5535300e+03  -6.7108973e+01
   1.5535300e+03   1.5531276e+03  -6.2129644e+01   1.5535300e+03   1.5531276e+03  -6.2924863e+01   1.5535300e+03   1.5531276e+03  -6.7144762e+01
   1.5531276e+03   1.5527254e+03  -6.2265416e+01   1.5531276e+03   1.5527254e+03  -6.3042664e+01   1.5531276e+03   1.5527254e+03  -6.7180768e+01
   1.5527254e+03   1.5523234e+03  -6.2400709e+01   1.5527254e+03   1.5523234e+03  -6.3160100e+01   1.5527254e+03   1.5523234e+03  -6.7216985e+01
   1.5523234e+03   1.5519216e+03  -6.2535508e+01   1.5523234e+03   1.5519216e+03  -6.3277156e+01   1.5523234e+03   1.5519216e+03  -6.7253408e+01
   1.5519216e+03   1.5515200e+03  -6.2733895e+01   1.5519216e+03   1.5515200e+03  -6.3451468e+01   1.5519216e+03   1.5515200e+03  -6.7320895e+01
   1.5515200e+03   1.5511187e+03  -6.2958861e+01   1.5515200e+03   1.5511187e+03  -6.3649791e+01   1.5515200e+03   1.5511187e+03  -6.7401853e+01
   1.5511187e+03   1.5507175e+03  -6.3182066e+01   1.5511187e+03   1.5507175e+03  -6.3846653e+01   1.5511187e+03   1.5507175e+03  -6.7482689e+01
   1.5507175e+03   1.5503165e+03  -6.3403461e+01   1.5507175e+03   1.5503165e+03  -6.4042017e+01   1.5507175e+03   1.5503165e+03  -6.7563393e+01
   1.5503165e+03   1.5499158e+03  -6.3622998e+01   1.5503165e+03   1.5499158e+03  -6.4235847e+01   1.5503165e+03   1.5499158e+03  -6.7643957e+01
   1.5499158e+03   1.5495152e+03  -6.3917355e+01   1.5499158e+03   1.5495152e+03  -6.4497176e+01   1.5499158e+03   1.5495152e+03  -6.7761516e+01
   1.5495152e+03   1.5491149e+03  -6.4239009e+01   1.5495152e+03   1.5491149e+03  -6.4783359e+01   1.5495152e+03   1.5491149e+03  -6.7893604e+01
   1.5491149e+03   1.5487148e+03  -6.4569404e+01   1.5491149e+03   1.5487148e+03  -6.5077746e+01   1.5491149e+03   1.5487148e+03  -6.8031395e+01
   1.5487148e+03   1.5483148e+03  -6.4942882e+01   1.5487148e+03   1.5483148e+03  -6.5411393e+01   1.5487148e+03   1.5483148e+03  -6.8191941e+01
   1.5483148e+03   1.5479151e+03  -6.5309590e+01   1.5483148e+03   1.5479151e+03  -6.5739466e+01   1.5483148e+03   1.5479151e+03  -6.8351290e+01
   1.5479151e+03   1.5475156e+03  -6.5669316e+01   1.5479151e+03   1.5475156e+03  -6.6061812e+01   1.5479151e+03   1.5475156e+03  -6.8509412e+01
   1.5475156e+03   1.5471163e+03  -6.6021856e+01   1.5475156e+03   1.5471163e+03  -6.6378285e+01   1.5475156e+03   1.5471163e+03  -6.8666278e+01
   1.5471163e+03   1.5467172e+03  -6.6370674e+01   1.5471163e+03   1.5467172e+03  -6.6692050e+01   1.5471163e+03   1.5467172e+03  -6.8823614e+01
   1.5467172e+03   1.5463183e+03  -6.6725322e+01   1.5467172e+03   1.5463183e+03  -6.7011810e+01   1.5467172e+03   1.5463183e+03  -6.8986193e+01
   1.5463183e+03   1.5459196e+03  -6.7071447e+01   1.5463183e+03   1.5459196e+03  -6.7324658e+01   1.5463183e+03   1.5459196e+03  -6.9147269e+01
