# Frequency	Wavelength	 SignalPowerIn 	 SignalPowerOut 	 NoisePowerOut 	 OSNR_Out 	 Gain 	 NoiseFigureStandard 	
# [Hz]	[m]	[dBm]	[dBm]	[dBm]	[dB]	[dB]	[dB]	
1.85000000e+14	1.62049977e-06	-1.06603000e+01	9.89700043e-01	-4.65437198e+01	4.75334199e+01	1.16500000e+01	3.11079469e+00	
1.85100000e+14	1.61962430e-06	-1.06603000e+01	9.89700043e-01	-4.65437198e+01	4.75334199e+01	1.16500000e+01	3.10852622e+00	
1.85200000e+14	1.61874977e-06	-1.06603000e+01	9.89700043e-01	-4.65437198e+01	4.75334199e+01	1.16500000e+01	3.10625903e+00	
1.85300000e+14	1.61787619e-06	-1.06603000e+01	9.89700043e-01	-4.65437198e+01	4.75334199e+01	1.16500000e+01	3.10399309e+00	
1.85400000e+14	1.61700355e-06	-1.06603000e+01	9.89700043e-01	-4.65437198e+01	4.75334199e+01	1.16500000e+01	3.10172842e+00	
1.85500000e+14	1.61613185e-06	-1.06603000e+01	9.89700043e-01	-4.65437198e+01	4.75334199e+01	1.16500000e+01	3.09946501e+00	
1.85600000e+14	1.61526109e-06	-1.06603000e+01	9.89700043e-01	-4.65437198e+01	4.75334199e+01	1.16500000e+01	3.09720286e+00	
1.85700000e+14	1.61439127e-06	-1.06603000e+01	9.89700043e-01	-4.65437198e+01	4.75334199e+01	1.16500000e+01	3.09494198e+00	
1.85800000e+14	1.61352238e-06	-1.06603000e+01	9.89700043e-01	-4.65437198e+01	4.75334199e+01	1.16500000e+01	3.09268235e+00	
1.85900000e+14	1.61265443e-06	-1.06603000e+01	9.89700043e-01	-4.65437198e+01	4.75334199e+01	1.16500000e+01	3.09042397e+00	
1.86000000e+14	1.61178741e-06	-1.06603000e+01	9.89700043e-01	-4.65437198e+01	4.75334199e+01	1.16500000e+01	3.08816685e+00	
1.86100000e+14	1.61092132e-06	-1.06603000e+01	9.89700043e-01	-4.65437198e+01	4.75334199e+01	1.16500000e+01	3.08591099e+00	
1.86200000e+14	1.61005617e-06	-1.06603000e+01	9.89700043e-01	-4.65437198e+01	4.75334199e+01	1.16500000e+01	3.08365638e+00	
1.86300000e+14	1.60919194e-06	-1.06603000e+01	9.89700043e-01	-4.65437198e+01	4.75334199e+01	1.16500000e+01	3.08140301e+00	
1.86400000e+14	1.60832864e-06	-1.06603000e+01	9.89700043e-01	-4.65437198e+01	4.75334199e+01	1.16500000e+01	3.07915090e+00	
1.86500000e+14	1.60746626e-06	-1.06603000e+01	9.89700043e-01	-4.65437198e+01	4.75334199e+01	1.16500000e+01	3.07690004e+00	
1.86600000e+14	1.60660481e-06	-1.06603000e+01	9.89700043e-01	-4.65437198e+01	4.75334199e+01	1.16500000e+01	3.07465043e+00	
1.86700000e+14	1.60574428e-06	-1.06603000e+01	9.89700043e-01	-4.65437198e+01	4.75334199e+01	1.16500000e+01	3.07240206e+00	
1.86800000e+14	1.60488468e-06	-1.06603000e+01	9.89700043e-01	-4.65437198e+01	4.75334199e+01	1.16500000e+01	3.07015493e+00	
1.86900000e+14	1.60402599e-06	-1.06603000e+01	9.89700043e-01	-4.65437198e+01	4.75334199e+01	1.16500000e+01	3.06790905e+00	
1.87000000e+14	1.60316822e-06	-1.06603000e+01	9.89700043e-01	-4.65437198e+01	4.75334199e+01	1.16500000e+01	3.06566441e+00	
1.87100000e+14	1.60231137e-06	-1.06603000e+01	9.89700043e-01	-4.65437198e+01	4.75334199e+01	1.16500000e+01	3.06342101e+00	
1.87200000e+14	1.60145544e-06	-1.06603000e+01	9.89700043e-01	-4.65437198e+01	4.75334199e+01	1.16500000e+01	3.06117885e+00	
1.87300000e+14	1.60060042e-06	-1.06603000e+01	9.89700043e-01	-4.65437198e+01	4.75334199e+01	1.16500000e+01	3.05893793e+00	
1.87400000e+14	1.59974631e-06	-1.06603000e+01	9.89700043e-01	-4.65437198e+01	4.75334199e+01	1.16500000e+01	3.05669824e+00	
1.87500000e+14	1.59889311e-06	-1.06603000e+01	9.89700043e-01	-4.65437198e+01	4.75334199e+01	1.16500000e+01	3.05445979e+00	
1.87600000e+14	1.59804082e-06	-1.06603000e+01	9.89700043e-01	-4.65437198e+01	4.75334199e+01	1.16500000e+01	3.05222257e+00	
1.87700000e+14	1.59718944e-06	-1.06603000e+01	9.89700043e-01	-4.65437198e+01	4.75334199e+01	1.16500000e+01	3.04998659e+00	
1.87800000e+14	1.59633897e-06	-1.06603000e+01	9.89700043e-01	-4.65437198e+01	4.75334199e+01	1.16500000e+01	3.04775184e+00	
1.87900000e+14	1.59548940e-06	-1.06603000e+01	9.89700043e-01	-4.65437198e+01	4.75334199e+01	1.16500000e+01	3.04551831e+00	
1.88000000e+14	1.59464073e-06	-1.06603000e+01	9.89700043e-01	-4.65437198e+01	4.75334199e+01	1.16500000e+01	3.04328602e+00	
1.88100000e+14	1.59379297e-06	-1.06603000e+01	9.89700043e-01	-4.65437198e+01	4.75334199e+01	1.16500000e+01	3.04105495e+00	
1.88200000e+14	1.59294611e-06	-1.06603000e+01	9.89700043e-01	-4.65437198e+01	4.75334199e+01	1.16500000e+01	3.03882511e+00	
1.88300000e+14	1.59210015e-06	-1.06603000e+01	9.89700043e-01	-4.65437198e+01	4.75334199e+01	1.16500000e+01	3.03659650e+00	
1.88400000e+14	1.59125508e-06	-1.06603000e+01	9.89700043e-01	-4.65437198e+01	4.75334199e+01	1.16500000e+01	3.03436910e+00	
1.88500000e+14	1.59041092e-06	-1.06603000e+01	9.89700043e-01	-4.65437198e+01	4.75334199e+01	1.16500000e+01	3.03214293e+00	
1.88600000e+14	1.58956765e-06	-1.06603000e+01	9.89700043e-01	-4.65437198e+01	4.75334199e+01	1.16500000e+01	3.02991798e+00	
1.88700000e+14	1.58872527e-06	-1.06603000e+01	9.89700043e-01	-4.65437198e+01	4.75334199e+01	1.16500000e+01	3.02769425e+00	
1.88800000e+14	1.58788378e-06	-1.06603000e+01	9.89700043e-01	-4.65437198e+01	4.75334199e+01	1.16500000e+01	3.02547174e+00	
1.88900000e+14	1.58704319e-06	-1.06603000e+01	9.89700043e-01	-4.65437198e+01	4.75334199e+01	1.16500000e+01	3.02325045e+00	
1.89000000e+14	1.58620348e-06	-1.06603000e+01	9.89700043e-01	-4.65437198e+01	4.75334199e+01	1.16500000e+01	3.02103037e+00	
1.89100000e+14	1.58536466e-06	-1.06603000e+01	9.89700043e-01	-4.65437198e+01	4.75334199e+01	1.16500000e+01	3.01881150e+00	
1.89200000e+14	1.58452673e-06	-1.06603000e+01	9.89700043e-01	-4.65437198e+01	4.75334199e+01	1.16500000e+01	3.01659385e+00	
1.89300000e+14	1.58368969e-06	-1.06603000e+01	9.89700043e-01	-4.65437198e+01	4.75334199e+01	1.16500000e+01	3.01437741e+00	
1.89400000e+14	1.58285353e-06	-1.06603000e+01	9.89700043e-01	-4.65437198e+01	4.75334199e+01	1.16500000e+01	3.01216218e+00	
1.89500000e+14	1.58201825e-06	-1.06603000e+01	9.89700043e-01	-4.65437198e+01	4.75334199e+01	1.16500000e+01	3.00994816e+00	
1.89600000e+14	1.58118385e-06	-1.06603000e+01	9.89700043e-01	-4.65437198e+01	4.75334199e+01	1.16500000e+01	3.00773535e+00	
1.89700000e+14	1.58035033e-06	-1.06603000e+01	9.89700043e-01	-4.65437198e+01	4.75334199e+01	1.16500000e+01	3.00552374e+00	
1.89800000e+14	1.57951769e-06	-1.06603000e+01	9.89700043e-01	-4.65437198e+01	4.75334199e+01	1.16500000e+01	3.00331334e+00	
1.89900000e+14	1.57868593e-06	-1.06603000e+01	9.89700043e-01	-4.65437198e+01	4.75334199e+01	1.16500000e+01	3.00110415e+00	
1.90000000e+14	1.57785504e-06	-1.06603000e+01	9.89700043e-01	-4.65437198e+01	4.75334199e+01	1.16500000e+01	2.99889615e+00	
1.90100000e+14	1.57702503e-06	-1.06603000e+01	9.89700043e-01	-4.65437198e+01	4.75334199e+01	1.16500000e+01	2.99668936e+00	
1.90200000e+14	1.57619589e-06	-1.06603000e+01	9.89700043e-01	-4.65437198e+01	4.75334199e+01	1.16500000e+01	2.99448377e+00	
1.90300000e+14	1.57536762e-06	-1.06603000e+01	9.89700043e-01	-4.65437198e+01	4.75334199e+01	1.16500000e+01	2.99227938e+00	
1.90400000e+14	1.57454022e-06	-1.06603000e+01	9.89700043e-01	-4.65437198e+01	4.75334199e+01	1.16500000e+01	2.99007619e+00	
1.90500000e+14	1.57371369e-06	-1.06603000e+01	9.89700043e-01	-4.65437198e+01	4.75334199e+01	1.16500000e+01	2.98787419e+00	
1.90600000e+14	1.57288803e-06	-1.06603000e+01	9.89700043e-01	-4.65437198e+01	4.75334199e+01	1.16500000e+01	2.98567339e+00	
1.90700000e+14	1.57206323e-06	-1.06603000e+01	9.89700043e-01	-4.65437198e+01	4.75334199e+01	1.16500000e+01	2.98347378e+00	
1.90800000e+14	1.57123930e-06	-1.06603000e+01	9.89700043e-01	-4.65437198e+01	4.75334199e+01	1.16500000e+01	2.98127536e+00	
1.90900000e+14	1.57041623e-06	-1.06603000e+01	9.89700043e-01	-4.65437198e+01	4.75334199e+01	1.16500000e+01	2.97907814e+00	
1.91000000e+14	1.56959402e-06	-1.06603000e+01	9.89700043e-01	-4.65437198e+01	4.75334199e+01	1.16500000e+01	2.97688210e+00	
1.91100000e+14	1.56877267e-06	-1.06603000e+01	9.89700043e-01	-4.65437198e+01	4.75334199e+01	1.16500000e+01	2.97468726e+00	
1.91200000e+14	1.56795219e-06	-1.06603000e+01	9.89700043e-01	-4.65437198e+01	4.75334199e+01	1.16500000e+01	2.97249360e+00	
1.91300000e+14	1.56713256e-06	-1.06603000e+01	9.89700043e-01	-4.65437198e+01	4.75334199e+01	1.16500000e+01	2.97030113e+00	
1.91400000e+14	1.56631378e-06	-1.06603000e+01	9.89700043e-01	-4.65437198e+01	4.75334199e+01	1.16500000e+01	2.96810985e+00	
1.91500000e+14	1.56549586e-06	-1.06603000e+01	9.89700043e-01	-4.65437198e+01	4.75334199e+01	1.16500000e+01	2.96591975e+00	
1.91600000e+14	1.56467880e-06	-1.06603000e+01	9.89700043e-01	-4.65437198e+01	4.75334199e+01	1.16500000e+01	2.96373083e+00	
1.91700000e+14	1.56386259e-06	-1.06603000e+01	9.89700043e-01	-4.65437198e+01	4.75334199e+01	1.16500000e+01	2.96154309e+00	
1.91800000e+14	1.56304723e-06	-1.06603000e+01	9.89700043e-01	-4.65437198e+01	4.75334199e+01	1.16500000e+01	2.95935654e+00	
1.91900000e+14	1.56223271e-06	-1.06603000e+01	9.89700043e-01	-4.65437198e+01	4.75334199e+01	1.16500000e+01	2.95717116e+00	
1.92000000e+14	1.56141905e-06	-1.06603000e+01	9.89700043e-01	-4.65437198e+01	4.75334199e+01	1.16500000e+01	2.95498696e+00	
1.92100000e+14	1.56060624e-06	-1.06603000e+01	9.89700043e-01	-4.65437198e+01	4.75334199e+01	1.16500000e+01	2.95280394e+00	
1.92200000e+14	1.55979427e-06	-1.06603000e+01	9.89700043e-01	-4.65437198e+01	4.75334199e+01	1.16500000e+01	2.95062209e+00	
1.92300000e+14	1.55898314e-06	-1.06603000e+01	9.89700043e-01	-4.65437198e+01	4.75334199e+01	1.16500000e+01	2.94844142e+00	
1.92400000e+14	1.55817286e-06	-1.06603000e+01	9.89700043e-01	-4.65437198e+01	4.75334199e+01	1.16500000e+01	2.94626192e+00	
1.92500000e+14	1.55736342e-06	-1.06603000e+01	9.89700043e-01	-4.65437198e+01	4.75334199e+01	1.16500000e+01	2.94408359e+00	
1.92600000e+14	1.55655482e-06	-1.06603000e+01	9.89700043e-01	-4.65437198e+01	4.75334199e+01	1.16500000e+01	2.94190644e+00	
1.92700000e+14	1.55574706e-06	-1.06603000e+01	9.89700043e-01	-4.65437198e+01	4.75334199e+01	1.16500000e+01	2.93973045e+00	
1.92800000e+14	1.55494013e-06	-1.06603000e+01	9.89700043e-01	-4.65437198e+01	4.75334199e+01	1.16500000e+01	2.93755563e+00	
1.92900000e+14	1.55413405e-06	-1.06603000e+01	9.89700043e-01	-4.65437198e+01	4.75334199e+01	1.16500000e+01	2.93538198e+00	
1.93000000e+14	1.55332880e-06	-1.06603000e+01	9.89700043e-01	-4.65437198e+01	4.75334199e+01	1.16500000e+01	2.93320949e+00	
1.93100000e+14	1.55252438e-06	-1.06603000e+01	9.89700043e-01	-4.65437198e+01	4.75334199e+01	1.16500000e+01	2.93103817e+00	
1.93200000e+14	1.55172080e-06	-1.06603000e+01	9.89700043e-01	-4.65437198e+01	4.75334199e+01	1.16500000e+01	2.92886801e+00	
1.93300000e+14	1.55091804e-06	-1.06603000e+01	9.89700043e-01	-4.65437198e+01	4.75334199e+01	1.16500000e+01	2.92669901e+00	
1.93400000e+14	1.55011612e-06	-1.06603000e+01	9.89700043e-01	-4.65437198e+01	4.75334199e+01	1.16500000e+01	2.92453118e+00	
1.93500000e+14	1.54931503e-06	-1.06603000e+01	9.89700043e-01	-4.65437198e+01	4.75334199e+01	1.16500000e+01	2.92236450e+00	
1.93600000e+14	1.54851476e-06	-1.06603000e+01	9.89700043e-01	-4.65437198e+01	4.75334199e+01	1.16500000e+01	2.92019898e+00	
1.93700000e+14	1.54771532e-06	-1.06603000e+01	9.89700043e-01	-4.65437198e+01	4.75334199e+01	1.16500000e+01	2.91803462e+00	
1.93800000e+14	1.54691671e-06	-1.06603000e+01	9.89700043e-01	-4.65437198e+01	4.75334199e+01	1.16500000e+01	2.91587142e+00	
1.93900000e+14	1.54611892e-06	-1.06603000e+01	9.89700043e-01	-4.65437198e+01	4.75334199e+01	1.16500000e+01	2.91370937e+00	
1.94000000e+14	1.54532195e-06	-1.06603000e+01	9.89700043e-01	-4.65437198e+01	4.75334199e+01	1.16500000e+01	2.91154847e+00	
1.94100000e+14	1.54452580e-06	-1.06603000e+01	9.89700043e-01	-4.65437198e+01	4.75334199e+01	1.16500000e+01	2.90938873e+00	
1.94200000e+14	1.54373047e-06	-1.06603000e+01	9.89700043e-01	-4.65437198e+01	4.75334199e+01	1.16500000e+01	2.90723013e+00	
1.94300000e+14	1.54293597e-06	-1.06603000e+01	9.89700043e-01	-4.65437198e+01	4.75334199e+01	1.16500000e+01	2.90507269e+00	
1.94400000e+14	1.54214227e-06	-1.06603000e+01	9.89700043e-01	-4.65437198e+01	4.75334199e+01	1.16500000e+01	2.90291640e+00	
1.94500000e+14	1.54134940e-06	-1.06603000e+01	9.89700043e-01	-4.65437198e+01	4.75334199e+01	1.16500000e+01	2.90076125e+00	
1.94600000e+14	1.54055734e-06	-1.06603000e+01	9.89700043e-01	-4.65437198e+01	4.75334199e+01	1.16500000e+01	2.89860726e+00	
1.94700000e+14	1.53976609e-06	-1.06603000e+01	9.89700043e-01	-4.65437198e+01	4.75334199e+01	1.16500000e+01	2.89645440e+00	
1.94800000e+14	1.53897566e-06	-1.06603000e+01	9.89700043e-01	-4.65437198e+01	4.75334199e+01	1.16500000e+01	2.89430269e+00	
1.94900000e+14	1.53818603e-06	-1.06603000e+01	9.89700043e-01	-4.65437198e+01	4.75334199e+01	1.16500000e+01	2.89215213e+00	
