# Wavelength 	 emissionCrossSection31 	 absorptionCrossSection13 	
# (nm)       	 (m^2)                  	 (m^2)                    	
 930.0000   	 0.0000000e+00          	 9.1327300e-27            	
 931.0000   	 0.0000000e+00          	 9.2181500e-27            	
 932.0000   	 0.0000000e+00          	 9.2369000e-27            	
 933.0000   	 0.0000000e+00          	 9.2324300e-27            	
 934.0000   	 0.0000000e+00          	 9.2197600e-27            	
 935.0000   	 0.0000000e+00          	 9.2051100e-27            	
 936.0000   	 0.0000000e+00          	 1.0005500e-26            	
 937.0000   	 0.0000000e+00          	 1.0377400e-26            	
 938.0000   	 0.0000000e+00          	 1.0478000e-26            	
 939.0000   	 0.0000000e+00          	 1.0536300e-26            	
 940.0000   	 0.0000000e+00          	 1.0949600e-26            	
 941.0000   	 0.0000000e+00          	 1.1761300e-26            	
 942.0000   	 0.0000000e+00          	 1.2293700e-26            	
 943.0000   	 0.0000000e+00          	 1.2616100e-26            	
 944.0000   	 0.0000000e+00          	 1.3471800e-26            	
 945.0000   	 0.0000000e+00          	 1.4824300e-26            	
 946.0000   	 0.0000000e+00          	 1.6047300e-26            	
 947.0000   	 0.0000000e+00          	 1.7373400e-26            	
 948.0000   	 0.0000000e+00          	 1.9223100e-26            	
 949.0000   	 0.0000000e+00          	 2.1598800e-26            	
 950.0000   	 0.0000000e+00          	 2.3808200e-26            	
 951.0000   	 0.0000000e+00          	 2.6244000e-26            	
 952.0000   	 0.0000000e+00          	 2.9442000e-26            	
 953.0000   	 0.0000000e+00          	 3.3193800e-26            	
 954.0000   	 0.0000000e+00          	 3.7059100e-26            	
 955.0000   	 0.0000000e+00          	 4.1328700e-26            	
 956.0000   	 0.0000000e+00          	 4.7036800e-26            	
 957.0000   	 0.0000000e+00          	 5.2493500e-26            	
 958.0000   	 0.0000000e+00          	 5.8565700e-26            	
 959.0000   	 0.0000000e+00          	 6.5904600e-26            	
 960.0000   	 0.0000000e+00          	 7.3864300e-26            	
 961.0000   	 0.0000000e+00          	 8.2068400e-26            	
 962.0000   	 0.0000000e+00          	 9.0518700e-26            	
 963.0000   	 0.0000000e+00          	 9.9881500e-26            	
 964.0000   	 0.0000000e+00          	 1.1014400e-25            	
 965.0000   	 0.0000000e+00          	 1.2180000e-25            	
 966.0000   	 0.0000000e+00          	 1.3250900e-25            	
 967.0000   	 0.0000000e+00          	 1.4297600e-25            	
 968.0000   	 0.0000000e+00          	 1.5366900e-25            	
 969.0000   	 0.0000000e+00          	 1.6561900e-25            	
 970.0000   	 0.0000000e+00          	 1.7832600e-25            	
 971.0000   	 0.0000000e+00          	 1.8950500e-25            	
 972.0000   	 0.0000000e+00          	 2.0099000e-25            	
 973.0000   	 0.0000000e+00          	 2.1296300e-25            	
 974.0000   	 0.0000000e+00          	 2.2418100e-25            	
 975.0000   	 0.0000000e+00          	 2.3521800e-25            	
 976.0000   	 0.0000000e+00          	 2.4637100e-25            	
 977.0000   	 0.0000000e+00          	 2.5530300e-25            	
 978.0000   	 0.0000000e+00          	 2.6259800e-25            	
 979.0000   	 0.0000000e+00          	 2.6836200e-25            	
 980.0000   	 0.0000000e+00          	 2.6842000e-25            	
 981.0000   	 0.0000000e+00          	 2.6459800e-25            	
 982.0000   	 0.0000000e+00          	 2.5845600e-25            	
 983.0000   	 0.0000000e+00          	 2.4977800e-25            	
 984.0000   	 0.0000000e+00          	 2.3464800e-25            	
 985.0000   	 0.0000000e+00          	 2.1883200e-25            	
 986.0000   	 0.0000000e+00          	 2.0465600e-25            	
 987.0000   	 0.0000000e+00          	 1.9079400e-25            	
 988.0000   	 0.0000000e+00          	 1.7693100e-25            	
 989.0000   	 0.0000000e+00          	 1.6376300e-25            	
 990.0000   	 0.0000000e+00          	 1.5262100e-25            	
 991.0000   	 0.0000000e+00          	 1.4340100e-25            	
 992.0000   	 0.0000000e+00          	 1.3469100e-25            	
 993.0000   	 0.0000000e+00          	 1.2648400e-25            	
 994.0000   	 0.0000000e+00          	 1.1854600e-25            	
 995.0000   	 0.0000000e+00          	 1.1157600e-25            	
 996.0000   	 0.0000000e+00          	 1.0529100e-25            	
 997.0000   	 0.0000000e+00          	 9.7546700e-26            	
 998.0000   	 0.0000000e+00          	 9.1256700e-26            	
 999.0000   	 0.0000000e+00          	 8.5803400e-26            	
 1000.0000  	 0.0000000e+00          	 7.9113300e-26            	
 1001.0000  	 0.0000000e+00          	 7.2826100e-26            	
 1002.0000  	 0.0000000e+00          	 6.7436000e-26            	
 1003.0000  	 0.0000000e+00          	 6.2536100e-26            	
 1004.0000  	 0.0000000e+00          	 5.7557500e-26            	
 1005.0000  	 0.0000000e+00          	 5.3353800e-26            	
 1006.0000  	 0.0000000e+00          	 4.8896700e-26            	
 1007.0000  	 0.0000000e+00          	 4.5007100e-26            	
 1008.0000  	 0.0000000e+00          	 4.0777200e-26            	
 1009.0000  	 0.0000000e+00          	 3.6424900e-26            	
 1010.0000  	 0.0000000e+00          	 3.3208200e-26            	
 1011.0000  	 0.0000000e+00          	 3.0275900e-26            	
 1012.0000  	 0.0000000e+00          	 2.7808700e-26            	
 1013.0000  	 0.0000000e+00          	 2.4970600e-26            	
 1014.0000  	 0.0000000e+00          	 2.2194500e-26            	
 1015.0000  	 0.0000000e+00          	 1.9871300e-26            	
 1016.0000  	 0.0000000e+00          	 1.8006900e-26            	
 1017.0000  	 0.0000000e+00          	 1.6367600e-26            	
 1018.0000  	 0.0000000e+00          	 1.4682800e-26            	
 1019.0000  	 0.0000000e+00          	 1.3241400e-26            	
 1020.0000  	 0.0000000e+00          	 1.2171400e-26            	
 1021.0000  	 0.0000000e+00          	 1.1504500e-26            	
 1022.0000  	 0.0000000e+00          	 1.0484800e-26            	
 1023.0000  	 0.0000000e+00          	 9.4279200e-27            	
 1024.0000  	 0.0000000e+00          	 8.5434500e-27            	
 1025.0000  	 0.0000000e+00          	 7.9066600e-27            	
 1026.0000  	 0.0000000e+00          	 7.3099200e-27            	
 1027.0000  	 0.0000000e+00          	 6.7552000e-27            	
 1028.0000  	 0.0000000e+00          	 6.2103400e-27            	
 1029.0000  	 0.0000000e+00          	 5.6578800e-27            	
 1030.0000  	 0.0000000e+00          	 5.0856600e-27  